Numbers: 0 1 2 3 4 5 6 7 8 9 10 11 12 13 14 15 16 17 18 19 20 21 22 23 24 25 26 27 28 29 30 31 32 33 34 35 36 37 38 39 40 41 42 43 44 45 46 47 48 49 50
Even numbers: 0 2 4 6 8 10 12 14 16 18 20 22 24 26 28 30 32 34 36 38 40 42 44 46 48 50
Odd numbers: 1 3 5 7 9 11 13 15 17 19 21 23 25 27 29 31 33 35 37 39 41 43 45 47 49
Non-prime numbers: 0 1 4 6 8 9 10 12 14 15 16 18 20 21 22 24 25 26 27 28 30 32 33 34 35 36 38 39 40 42 44 45 46 48 49 50
Prime numbers: 2 3 5 7 11 13 17 19 23 29 31 37 41 43 47
Even or odd numbers: 0 1 2 3 4 5 6 7 8 9 10 11 12 13 14 15 16 17 18 19 20 21 22 23 24 25 26 27 28 29 30 31 32 33 34 35 36 37 38 39 40 41 42 43 44 45 46 47 48 49 50
Prime or non-prime numbers: 0 1 2 3 4 5 6 7 8 9 10 11 12 13 14 15 16 17 18 19 20 21 22 23 24 25 26 27 28 29 30 31 32 33 34 35 36 37 38 39 40 41 42 43 44 45 46 47 48 49 50
Even or prime numbers: 0 2 3 4 5 6 7 8 10 11 12 13 14 16 17 18 19 20 22 23 24 26 28 29 30 31 32 34 36 37 38 40 41 42 43 44 46 47 48 50
Odd or prime numbers: 1 2 3 5 7 9 11 13 15 17 19 21 23 25 27 29 31 33 35 37 39 41 43 45 47 49
Even and odd numbers:
Even non-prime numbers: 0 4 6 8 10 12 14 16 18 20 22 24 26 28 30 32 34 36 38 40 42 44 46 48 50
Odd non-prime numbers: 1 9 15 21 25 27 33 35 39 45 49
Odd prime numbers: 3 5 7 11 13 17 19 23 29 31 37 41 43 47
Even prime numbers: 2
Even non-prime numbers: 0 4 6 8 10 12 14 16 18 20 22 24 26 28 30 32 34 36 38 40 42 44 46 48 50
Odd non-prime numbers: 1 9 15 21 25 27 33 35 39 45 49
Even prime numbers: 2
Odd prime numbers: 3 5 7 11 13 17 19 23 29 31 37 41 43 47
